每幅图像的标定误差：
第1幅图像的平均误差：0.0620443像素
第2幅图像的平均误差：0.06328像素
第3幅图像的平均误差：0.0639765像素
第4幅图像的平均误差：0.0630915像素
第5幅图像的平均误差：0.059851像素
第6幅图像的平均误差：0.059599像素
第7幅图像的平均误差：0.0715793像素
第8幅图像的平均误差：0.0587704像素
第9幅图像的平均误差：0.0746262像素
第10幅图像的平均误差：0.0623062像素
第11幅图像的平均误差：0.0638959像素
第12幅图像的平均误差：0.0522692像素
第13幅图像的平均误差：0.0673661像素
总体平均误差：0.0632812像素

相机内参数矩阵：
[588.6127194173213, 0, 316.6402390596284;
 0, 586.6924842221008, 229.0650220734845;
 0, 0, 1]

畸变系数：
[0.05812046952359055, -0.6369425674925633, -0.003260991732824979, 0.002062156677668741, 1.675516413885468]


第1幅图像的旋转向量：
[46.8854471461305;
 -7.231808795047568;
 235.8873938519206]
第1幅图像的旋转矩阵：
[-0.2266430273606803, -0.9500229391109812, 0.2146843108187429;
 0.9350875782996054, -0.2739058368751723, -0.2249151249593733;
 0.2724778138831948, 0.1497731874824201, 0.9504334975435109]
第1幅图像的平移向量：
[2.1779915540475;
 -2.216305637201413;
 0.4325065791871611]

第2幅图像的旋转向量：
[71.69556327811156;
 5.426948847651985;
 181.1484769332477]
第2幅图像的旋转矩阵：
[0.994056060413788, -0.108724787613733, 0.005609751595927302;
 0.1088656170388364, 0.9931311397988324, -0.04288142475041389;
 -0.0009089451978885718, 0.04323724922125195, 0.9990644193936679]
第2幅图像的平移向量：
[2.190645835527126;
 -2.130411551270537;
 0.3390810097398249]

第3幅图像的旋转向量：
[58.63519104753672;
 17.31095323263195;
 170.4291691607405]
第3幅图像的旋转矩阵：
[0.471136401349533, 0.877159079281471, 0.09285709966122047;
 -0.8405737070681711, 0.4145764878313102, 0.3486576812908728;
 0.2673318804577639, -0.2423185617560849, 0.9326389335211019]
第3幅图像的平移向量：
[2.162995674362409;
 -1.775897342408338;
 -0.170211562220993]

第4幅图像的旋转向量：
[47.51647300686109;
 2.698073188550889;
 189.7948034374515]
第4幅图像的旋转矩阵：
[0.6495738470083938, -0.7538976292032132, 0.09844887995548794;
 0.7563914660572214, 0.6276848426066702, -0.1840752249425397;
 0.07697900595956546, 0.1940363446460839, 0.977969390930955]
第4幅图像的平移向量：
[2.329967308501846;
 -1.955123279267508;
 0.08227975624845701]

第5幅图像的旋转向量：
[47.69759552183598;
 2.349313141630088;
 190.4345710478228]
第5幅图像的旋转矩阵：
[0.07636178289953865, -0.9669481202143051, 0.2432698315172389;
 0.9726551693216667, 0.01856784080408549, -0.2315105977697658;
 0.2193417418191163, 0.2542962211710906, 0.9419249610207069]
第5幅图像的平移向量：
[2.332083974051386;
 -1.958715962358351;
 0.08369509001497699]

第6幅图像的旋转向量：
[67.70245269704446;
 -13.01130174991819;
 207.4278644461332]
第6幅图像的旋转矩阵：
[0.314280188128811, 0.9068828226860651, 0.2806982530524083;
 -0.9348508737238589, 0.2442038065545941, 0.2577175678179193;
 0.1651720534698793, -0.3434065328167201, 0.924548617418977]
第6幅图像的平移向量：
[1.824840511414955;
 -2.436486126548655;
 0.3481972115668297]

第7幅图像的旋转向量：
[72.66123494935603;
 6.751602936803514;
 187.9464234888451]
第7幅图像的旋转矩阵：
[0.8697244443861374, -0.4888409289439423, 0.06792596724705512;
 0.4924548144287101, 0.8504458961751581, -0.1850136033507178;
 0.03267486164024472, 0.1943613229736194, 0.9803856534796576]
第7幅图像的平移向量：
[1.895617415070289;
 -2.028859075870024;
 0.5291268316299169]

第8幅图像的旋转向量：
[59.30090450609674;
 4.316180317525582;
 203.9397099886059]
第8幅图像的旋转矩阵：
[0.4137645397315687, 0.8976955693886416, 0.1514647495647932;
 -0.890483416916101, 0.3644823698496835, 0.2723818758034092;
 0.1893097722204231, -0.2475788092078175, 0.9501928979807681]
第8幅图像的平移向量：
[1.972136982482666;
 -1.923174229529655;
 -0.05779233446466981]

第9幅图像的旋转向量：
[73.31256315577174;
 5.079596245839711;
 221.8499990646556]
第9幅图像的旋转矩阵：
[0.4023070820478797, -0.8892020273137254, 0.2178732804987367;
 0.8982420437580917, 0.337384092304056, -0.2816615079940009;
 0.1769470049461335, 0.3090173601617372, 0.9344506560323367]
第9幅图像的平移向量：
[1.974794102664051;
 -2.107461427301825;
 0.8705832461224459]

第10幅图像的旋转向量：
[57.48438363555613;
 13.59183894314247;
 196.5143592190034]
第10幅图像的旋转矩阵：
[-0.4220653605089574, 0.8327177701788346, 0.3583879834576399;
 -0.7754491824650434, -0.536398855000217, 0.3330988348354768;
 0.4696162229658808, -0.1373221889675731, 0.8721256902215498]
第10幅图像的平移向量：
[2.150555776222807;
 -1.928403143300585;
 0.2309748005818804]

第11幅图像的旋转向量：
[54.94651924221667;
 8.370147766243464;
 200.9419354603732]
第11幅图像的旋转矩阵：
[0.4564292863506097, -0.8703378405100525, 0.1848901023250601;
 0.8826991733991557, 0.4167973133996699, -0.2170764124064713;
 0.1118681180762427, 0.2622823724902523, 0.9584849927040924]
第11幅图像的平移向量：
[2.195027182944225;
 -1.978735735601039;
 0.02415603492119897]

第12幅图像的旋转向量：
[66.38060261208692;
 20.49346759076831;
 226.7997486465424]
第12幅图像的旋转矩阵：
[0.08857394759709149, 0.9799983135131728, 0.1782076354099476;
 -0.9321803138649011, 0.01851140700799289, 0.3615206636602106;
 0.3509907666161638, -0.198142961827872, 0.9151747638720577]
第12幅图像的平移向量：
[-1.867282429762733;
 2.028864649897503;
 0.4639812394553891]

第13幅图像的旋转向量：
[73.78083294748366;
 5.0085105657898;
 202.8958434654946]
第13幅图像的旋转矩阵：
[-0.4874489225657114, -0.6720164005489334, 0.5574831883409422;
 0.6987042356625136, -0.6831135742546998, -0.2125281998611748;
 0.523646769260338, 0.2859192229672994, 0.8025236812586816]
第13幅图像的平移向量：
[2.340188235688431;
 -1.934598360887592;
 0.104998956920427]


