每幅图像的标定误差：
第1幅图像的平均误差：0.0620889像素
第2幅图像的平均误差：0.0637346像素
第3幅图像的平均误差：0.0648006像素
第4幅图像的平均误差：0.0632366像素
第5幅图像的平均误差：0.0598118像素
第6幅图像的平均误差：0.0595973像素
第7幅图像的平均误差：0.0718561像素
第8幅图像的平均误差：0.0588333像素
第9幅图像的平均误差：0.0743694像素
第10幅图像的平均误差：0.0621671像素
第11幅图像的平均误差：0.0639572像素
第12幅图像的平均误差：0.0524164像素
第13幅图像的平均误差：0.067425像素
第14幅图像的平均误差：0.0743632像素
第15幅图像的平均误差：0.0807997像素
第16幅图像的平均误差：0.077956像素
第17幅图像的平均误差：0.064974像素
第18幅图像的平均误差：0.0753666像素
第19幅图像的平均误差：0.0643417像素
第20幅图像的平均误差：0.067733像素
第21幅图像的平均误差：0.0798758像素
总体平均误差：0.0671288像素

相机内参数矩阵：
[582.8895997250671, 0, 319.8380759888481;
 0, 581.534889664461, 232.8045938907707;
 0, 0, 1]

畸变系数：
[0.06969482574212699, -0.4317533394286528, 0.0004739088848984739, 0.0001599152490527306, 0.7595973357659646]


第1幅图像的旋转向量：
[45.66813018645059;
 -8.784791399484407;
 233.8300209907125]
第1幅图像的旋转矩阵：
[0.9411841176667456, 0.3370300946013177, 0.02414895411599598;
 -0.3378919932708871, 0.9390267063885129, 0.06370122112305397;
 -0.001207284264948689, -0.06811431583865689, 0.9976767925748976]
第1幅图像的平移向量：
[2.179830720937925;
 -2.221199832373399;
 0.4251877074783201]

第2幅图像的旋转向量：
[70.78157565828388;
 4.195706765059988;
 179.7057247668988]
第2幅图像的旋转矩阵：
[0.1173718796960132, 0.9381451182918379, 0.3257415829792359;
 -0.9219205701656712, -0.0190013188285742, 0.3869126673917239;
 0.3691697497927322, -0.3457205329568504, 0.8626650618461391]
第2幅图像的平移向量：
[2.193339900577413;
 -2.136253585323295;
 0.3321584185311385]

第3幅图像的旋转向量：
[57.68614105773359;
 16.16440957533755;
 168.7988585843808]
第3幅图像的旋转矩阵：
[-0.7916914894704979, 0.09936741870374863, 0.6027857841722367;
 0.01683659108050767, -0.9827599384803245, 0.1841179853217401;
 0.6106890491082776, 0.1559134997949268, 0.7763696708919825]
第3幅图像的平移向量：
[2.167272180486121;
 -1.77882408883043;
 -0.1701392656815287]

第4幅图像的旋转向量：
[46.48557482238756;
 1.464263847919525;
 187.85650637577]
第4幅图像的旋转矩阵：
[0.3542360295136396, 0.9226205612345375, 0.1526045064265095;
 -0.9201296257236911, 0.314735744425419, 0.2330297900410105;
 0.1669679827391825, -0.2229634749644975, 0.960421252144997]
第4幅图像的平移向量：
[2.330851536458697;
 -1.956341410258646;
 0.07940522541011018]

第5幅图像的旋转向量：
[46.66443780021135;
 1.111639210632433;
 188.490564378699]
第5幅图像的旋转矩阵：
[0.8383061935434959, 0.5439548134022062, 0.03682236878836129;
 -0.5434826645470722, 0.8284018749982467, 0.1355615241733582;
 0.04323562424008229, -0.1336543844247561, 0.9900844339351115]
第5幅图像的平移向量：
[2.332919381654252;
 -1.959897817441198;
 0.08081905726667624]

第6幅图像的旋转向量：
[66.61219577873464;
 -14.37980224509382;
 205.4558665517456]
第6幅图像的旋转矩阵：
[-0.7682077318202458, -0.3269871180616065, 0.5503964983476533;
 0.2471305529517895, -0.9445498314340446, -0.2162223525347478;
 0.5905788436520021, -0.03008389203017196, 0.8064189908918196]
第6幅图像的平移向量：
[1.825877821756817;
 -2.440769026781452;
 0.3430091321962205]

第7幅图像的旋转向量：
[71.65243111560945;
 5.483936012538917;
 186.2548926231752]
第7幅图像的旋转矩阵：
[0.2556555591799306, 0.9314494034016509, 0.2589251705862251;
 -0.914601900217807, 0.1462365743842971, 0.3769857138278886;
 0.3132787882675331, -0.3331919465038953, 0.8892915875046676]
第7幅图像的平移向量：
[1.89831820657071;
 -2.0351451405531;
 0.5250733841303048]

第8幅图像的旋转向量：
[58.17277886531031;
 2.976556530410142;
 201.8284424098636]
第8幅图像的旋转矩阵：
[-0.7660460940671638, -0.3850366826050255, 0.5147039292767821;
 0.4000475845664448, -0.9123459654220253, -0.08710206346984997;
 0.5031255428290189, 0.1391818681677662, 0.8529320580950949]
第8幅图像的平移向量：
[1.976337042222871;
 -1.926929928302846;
 -0.05714094237278846]

第9幅图像的旋转向量：
[72.17318085346453;
 3.593082504716805;
 219.9493615977568]
第9幅图像的旋转矩阵：
[0.6134994910952354, 0.7814146379209785, 0.1140593620388668;
 -0.7772721446829538, 0.5719980908879141, 0.2620423574931027;
 0.1395219965663072, -0.2494180179205337, 0.9582923691706742]
第9幅图像的平移向量：
[1.976511599874129;
 -2.115320185262377;
 0.8667597077327817]

第10幅图像的旋转向量：
[56.40724477193638;
 12.29004961065091;
 194.5908671571075]
第10幅图像的旋转矩阵：
[-0.231573703470383, -0.880964500798373, 0.412644118089771;
 0.9258809142846413, -0.3297562018038571, -0.1844054769667396;
 0.2985266360384748, 0.3393558540897263, 0.8920310823455563]
第10幅图像的平移向量：
[2.15327124128368;
 -1.932416718580961;
 0.2282024517751319]

第11幅图像的旋转向量：
[53.83430808594157;
 7.054481280849278;
 198.8576961220656]
第11幅图像的旋转矩阵：
[0.3984059788639056, 0.9078555446170389, 0.1306559838415117;
 -0.8963149890921192, 0.3551278528651077, 0.2655252312836069;
 0.1946589744509299, -0.2228957564143349, 0.9552095924132012]
第11幅图像的平移向量：
[2.197062756633775;
 -1.980840664058299;
 0.02352532685790516]

第12幅图像的旋转向量：
[65.1871457640552;
 18.97114434972488;
 225.0219988024223]
第12幅图像的旋转矩阵：
[-0.6958751129930441, -0.482471087934771, 0.5319581528879473;
 0.5647244062936435, -0.825222365661463, -0.00971556217573602;
 0.4436712432119193, 0.2936489341358781, 0.8467149056368691]
第12幅图像的平移向量：
[-1.860476822043687;
 2.021262301407434;
 0.4673555761917519]

第13幅图像的旋转向量：
[72.72926771065046;
 3.645327819738172;
 201.1734619152134]
第13幅图像的旋转矩阵：
[0.955282740125983, -0.2949104846535116, 0.02151028727898415;
 0.2954961736020896, 0.9494547709002129, -0.1059134052013618;
 0.01081192877877169, 0.1075334555208519, 0.9941426749414933]
第13幅图像的平移向量：
[2.343068865384404;
 -1.93853387264293;
 0.09756799607700446]

第14幅图像的旋转向量：
[66.70605067096322;
 38.44876428203057;
 185.1143793822779]
第14幅图像的旋转矩阵：
[0.8573906875810786, 0.5117297919175461, -0.05489835073360812;
 -0.4912652320544732, 0.8455361555578211, 0.2091102135692201;
 0.1534264665033705, -0.152319498779786, 0.9763498807639426]
第14幅图像的平移向量：
[1.826145013056798;
 -2.071599789092961;
 0.4232017463933606]

第15幅图像的旋转向量：
[86.56409889531839;
 -2.881922074974181;
 184.5068655722151]
第15幅图像的旋转矩阵：
[-0.5810933906087833, -0.3465169196897807, 0.7363806731300695;
 0.3233495589957484, -0.9286459676178139, -0.1818288467884817;
 0.7468437146338203, 0.1324488248187966, 0.6516761271644658]
第15幅图像的平移向量：
[1.811578961325457;
 -2.097866250212393;
 0.4797896235730804]

第16幅图像的旋转向量：
[83.31584235831184;
 49.73847300104929;
 193.4784276212542]
第16幅图像的旋转矩阵：
[-0.6596714573225033, -0.1112151046792797, 0.7432797379756706;
 0.4558935927886613, -0.8454689199321029, 0.2781067016148474;
 0.5974902513416023, 0.5223155233381642, 0.6084339681770969]
第16幅图像的平移向量：
[2.005728963153941;
 -2.141562884530009;
 0.5962445407590183]

第17幅图像的旋转向量：
[57.29547276386351;
 32.42164874483821;
 234.8758424143914]
第17幅图像的旋转矩阵：
[0.4695471430164532, 0.8828753034476451, 0.007528548818667519;
 -0.8478196428478191, 0.4484904267677535, 0.2829455606633101;
 0.2464291656571579, -0.1392391312092508, 0.9591064230071709]
第17幅图像的平移向量：
[1.826648560859667;
 -2.032154738367192;
 0.5520223024532682]

第18幅图像的旋转向量：
[84.27111277343165;
 43.26199879952998;
 206.8090243027869]
第18幅图像的旋转矩阵：
[0.3873944143633066, -0.8200822531618277, 0.4211777128115052;
 0.9201413936094958, 0.3156241072699019, -0.231778425821845;
 0.05714353407416972, 0.4773327151569411, 0.8768626434935045]
第18幅图像的平移向量：
[1.941334591897494;
 -1.997357834947122;
 0.5331554232517119]

第19幅图像的旋转向量：
[81.59463285317278;
 42.87901211367323;
 213.7838669016877]
第19幅图像的旋转矩阵：
[0.9524640001581922, -0.2946942648856027, 0.077250363404902;
 0.3016907539780968, 0.9476455492784287, -0.1046451236174553;
 -0.04236764528248754, 0.1229764334184369, 0.991504805564198]
第19幅图像的平移向量：
[1.796773357881228;
 -2.095411641909809;
 0.4071628358686571]

第20幅图像的旋转向量：
[64.92625480610887;
 10.13632594101889;
 236.5751697445623]
第20幅图像的旋转矩阵：
[0.8915230530005881, -0.4503102261477558, 0.04906471436040032;
 0.4528566664870124, 0.8835664659363361, -0.1192943414041258;
 0.01036752558624474, 0.128572938441689, 0.9916458611387879]
第20幅图像的平移向量：
[1.67583289774569;
 -2.047068519537158;
 0.5988321212446936]

第21幅图像的旋转向量：
[88.05321209106141;
 23.89454773823147;
 194.9253421573314]
第21幅图像的旋转矩阵：
[0.1489037927407784, -0.8590430389107747, 0.4897680244833802;
 0.9519051666786672, -0.009598423273785382, -0.3062424267163456;
 0.2677764256947769, 0.5118133718159373, 0.8162982655087117]
第21幅图像的平移向量：
[1.834933869477481;
 -2.074865368909001;
 0.5406121606682591]


