每幅图像的标定误差：
第1幅图像的平均误差：0.0741224像素
第2幅图像的平均误差：0.0711465像素
第3幅图像的平均误差：0.0678692像素
第4幅图像的平均误差：0.0755315像素
第5幅图像的平均误差：0.0684268像素
第6幅图像的平均误差：0.0680071像素
第7幅图像的平均误差：0.0781065像素
第8幅图像的平均误差：0.0706707像素
第9幅图像的平均误差：0.0721527像素
第10幅图像的平均误差：0.0682812像素
第11幅图像的平均误差：0.0696494像素
第12幅图像的平均误差：0.0738934像素
第13幅图像的平均误差：0.062701像素
第14幅图像的平均误差：0.0929776像素
第15幅图像的平均误差：0.0970647像素
第16幅图像的平均误差：0.0825322像素
第17幅图像的平均误差：0.0930499像素
第18幅图像的平均误差：0.0935815像素
第19幅图像的平均误差：0.0847743像素
第20幅图像的平均误差：0.0832478像素
第21幅图像的平均误差：0.0900682像素
总体平均误差：0.0779931像素

相机内参数矩阵：
[583.1188530271818, 0, 318.2230811760051;
 0, 582.6502781861228, 234.1481534789524;
 0, 0, 1]

畸变系数：
[0.06369389533472382, -0.4854489229461813, 0.001295808505132697, -0.0009892324501273022, 1.147523128254037]


第1幅图像的旋转向量：
[-23.47434657964932;
 -9.510023531088118;
 233.8685795809975]
第1幅图像的旋转矩阵：
[-0.9082042049612672, -0.364126992917377, -0.2063411134980639;
 0.3796783629120633, -0.9242474285718769, -0.04013765706526495;
 -0.1760950391893195, -0.1147964450983641, 0.977656541616579]
第1幅图像的平移向量：
[2.177187175389882;
 -2.214203608275893;
 0.4117469766877239]

第2幅图像的旋转向量：
[1.523146783879017;
 3.707875967446999;
 179.3725156827467]
第2幅图像的旋转矩阵：
[-0.9404207218735996, 0.3398816536257845, 0.009451317333572126;
 -0.3392007345197246, -0.9397317796733782, 0.04297724948370525;
 0.02348888188094522, 0.03721080220188121, 0.9990313451676459]
第2幅图像的平移向量：
[2.192245778150171;
 -2.13114317562394;
 0.3347993710651144]

第3幅图像的旋转向量：
[-11.63979576830364;
 15.67490734791594;
 168.640465563356]
第3幅图像的旋转矩阵：
[0.9927373747603374, -0.1198305592075977, 0.01063681502837611;
 0.1197381714480712, 0.9927652800239694, 0.00893695010627127;
 -0.01163078037905386, -0.007598411605334742, 0.9999034898873241]
第3幅图像的平移向量：
[2.168818521164779;
 -1.774397205575071;
 -0.1678152186414199]

第4幅图像的旋转向量：
[-22.85766584755939;
 0.8296902941897892;
 188.0898266930314]
第4幅图像的旋转矩阵：
[0.5635629183750474, -0.824594691286608, -0.04940073010131865;
 0.8241267832926817, 0.557126062937722, 0.1021058032394361;
 -0.05667346903319728, -0.09825550924735468, 0.9935461603822372]
第4幅图像的平移向量：
[2.328019854454101;
 -1.951718345102452;
 0.074265265656551]

第5幅图像的旋转向量：
[-22.65809941194784;
 0.5531388871921807;
 188.066120372698]
第5幅图像的旋转矩阵：
[0.6025058463289374, -0.7968138056977554, -0.04554628622523281;
 0.7965321013676276, 0.5967395904366664, 0.09715180233197596;
 -0.05023262515858121, -0.0948136079628849, 0.9942268670251967]
第5幅图像的平移向量：
[2.328819742790872;
 -1.952317381291389;
 0.07059354239946013]

第6幅图像的旋转向量：
[-2.540422916381064;
 -15.001506753812;
 205.3325338293812]
第6幅图像的旋转矩阵：
[0.1209981219085032, 0.990745272676912, 0.06150820402975608;
 -0.9891646318322435, 0.1255312238359944, -0.0761264932491941;
 -0.08314316343991925, -0.05163057728312334, 0.9951992252120246]
第6幅图像的平移向量：
[1.824204270969491;
 -2.43802891567848;
 0.3320561771708445]

第7幅图像的旋转向量：
[2.363768837240678;
 4.88034946599233;
 185.8128243031043]
第7幅图像的旋转矩阵：
[-0.8584517027283468, 0.5127935033245169, 0.01017334905382211;
 -0.5115524617277339, -0.857471091635626, 0.05529381438735411;
 0.037077661510638, 0.04226286735867108, 0.9984182976385833]
第7幅图像的平移向量：
[1.895862876920341;
 -2.029146926746485;
 0.5225948436415475]

第8幅图像的旋转向量：
[-11.03796746024944;
 2.323394976537399;
 201.581235265878]
第8幅图像的旋转矩阵：
[0.6724185089554606, -0.7401113823449991, -0.009406940920914587;
 0.7396979507984763, 0.6714799570578733, 0.04429005366999864;
 -0.02646300056021523, -0.03673974677282066, 0.9989744244015555]
第8幅图像的平移向量：
[1.974387560093904;
 -1.921689447983374;
 -0.06202501504842418]

第9幅图像的旋转向量：
[3.073275143977599;
 2.949067956434441;
 219.3387703913073]
第9幅图像的旋转矩阵：
[0.8621442409357254, 0.5066394084652134, -0.004880329023799818;
 -0.5065874768510462, 0.8621420979078281, 0.008951609507772466;
 0.008742775248888661, -0.005245265017861836, 0.9999480241871773]
第9幅图像的平移向量：
[1.976262630654094;
 -2.110369194648687;
 0.8549240470862697]

第10幅图像的旋转向量：
[-12.78455969810807;
 11.62396728342079;
 194.117993899242]
第10幅图像的旋转矩阵：
[0.9943318077347181, -0.106152988789561, 0.005983234748109954;
 0.1061084407436822, 0.9943275617365038, 0.007327944738040211;
 -0.006727178454012995, -0.006651536828630278, 0.9999552500626542]
第10幅图像的平移向量：
[2.147972303403223;
 -1.925252722008296;
 0.2310101022539001]

第11幅图像的旋转向量：
[-15.38854996380866;
 6.48175113912302;
 198.672895238738]
第11幅图像的旋转矩阵：
[-0.1108360533402622, 0.9867804706237113, -0.1182356632983523;
 -0.9923887643694369, -0.1163123518186836, -0.04044721458529749;
 -0.05366478951097147, 0.1128527341718115, 0.9921614539764635]
第11幅图像的平移向量：
[2.196963655836087;
 -1.976933601953538;
 0.03049100675427283]

第12幅图像的旋转向量：
[-3.834763152840152;
 18.32656850012478;
 225.2127211647214]
第12幅图像的旋转矩阵：
[0.9790701071780105, 0.2028236432962155, -0.01686104832116589;
 -0.2028812621387724, 0.9792017609114252, -0.001762072910714839;
 0.01615297815939352, 0.005145983677930017, 0.999856289747966]
第12幅图像的平移向量：
[-1.861354763690973;
 2.025573610131793;
 0.477390882169474]

第13幅图像的旋转向量：
[3.552373015947042;
 3.053237521702094;
 200.2188397148773]
第13幅图像的旋转矩阵：
[0.7051421914177278, 0.7090439630773905, -0.005581066753990734;
 -0.7088844446279036, 0.7051179458035823, 0.0170741521114501;
 0.01604163480425539, -0.008083373630133573, 0.9998386494947885]
第13幅图像的平移向量：
[2.335008741927171;
 -1.928231109756886;
 0.1009051374646169]

第14幅图像的旋转向量：
[-2.549660343307229;
 37.82961886259521;
 185.2173784099549]
第14幅图像的旋转矩阵：
[0.845799707245815, -0.523121555676452, 0.1047219805463128;
 0.5222891849920238, 0.8519466492242337, 0.03742878726285422;
 -0.1087973458465838, 0.02303790056079629, 0.9937969574689237]
第14幅图像的平移向量：
[1.828315126344677;
 -2.070867872265833;
 0.4234251646878781]

第15幅图像的旋转向量：
[17.17203518206505;
 -3.489713046299057;
 183.8269645453238]
第15幅图像的旋转矩阵：
[-0.7535815836747181, -0.6396185784590782, 0.1516669734526654;
 0.6334014113140873, -0.7682464442176787, -0.09273647120855516;
 0.1758335829459946, 0.02618157819690663, 0.9840716823847192]
第15幅图像的平移向量：
[1.809915118619022;
 -2.088610474145016;
 0.4744939549814075]

第16幅图像的旋转向量：
[14.09679724435493;
 48.95034013953968;
 192.5168055705284]
第16幅图像的旋转矩阵：
[-0.3352653568348094, 0.9317911178874049, -0.1391490320935378;
 -0.8850897875690543, -0.2609060397359143, 0.3854142010490633;
 0.3228207063485771, 0.2523754169000261, 0.9121915591021132]
第16幅图像的平移向量：
[1.998921917597048;
 -2.133039632338226;
 0.5936631601477025]

第17幅图像的旋转向量：
[-11.96530788983078;
 31.7378722674596;
 234.62526548355]
第17幅图像的旋转矩阵：
[-0.1227576682574595, 0.9742647185705504, -0.1890471185515331;
 -0.9894769604819862, -0.105450039149456, 0.09907388111257151;
 0.07658916084748069, 0.1992198468828447, 0.9769572933596711]
第17幅图像的平移向量：
[1.830726498226672;
 -2.029694121934929;
 0.5548955442853377]

第18幅图像的旋转向量：
[14.9752753651194;
 42.6143889382891;
 206.7041520583361]
第18幅图像的旋转矩阵：
[-0.4506746365503707, 0.8892537443595445, -0.07823138828322866;
 -0.8476860817742302, -0.3988348525076896, 0.3497986094761138;
 0.2798583190409829, 0.2239610201970412, 0.9335527744567289]
第18幅图像的平移向量：
[1.943179703698575;
 -1.996481055045842;
 0.5240852961945741]

第19幅图像的旋转向量：
[12.24368362519417;
 42.07157265806983;
 213.1784535018279]
第19幅图像的旋转矩阵：
[-0.6433675918964274, 0.7634850386505618, -0.05629153980965715;
 -0.7276271330968509, -0.5869780677554048, 0.35498662391052;
 0.2379850770083068, 0.2693461411100622, 0.9331750957834599]
第19幅图像的平移向量：
[1.794840795670226;
 -2.086267192818508;
 0.4107427884028723]

第20幅图像的旋转向量：
[-4.242637281939116;
 9.456300151140544;
 236.6897983836293]
第20幅图像的旋转矩阵：
[-0.2698215958912664, 0.9609664240158819, -0.06115421739191958;
 -0.9627822662614078, -0.2682053002767824, 0.03340994875764378;
 0.01570395374539539, 0.06789292170446802, 0.9975690136623094]
第20幅图像的平移向量：
[1.67963974048104;
 -2.046285913688726;
 0.593329887325347]

第21幅图像的旋转向量：
[18.89980189263306;
 23.35273158505126;
 194.5134038289611]
第21幅图像的旋转矩阵：
[-0.4396804158849991, -0.8644682414961199, 0.2436714823934063;
 0.8975795883757053, -0.4326229220987238, 0.08478378268313408;
 0.03212498122168504, 0.2559923176959953, 0.9661448746757075]
第21幅图像的平移向量：
[1.837948567524182;
 -2.07432755207091;
 0.5363157228879329]

