每幅图像的标定误差：
第1幅图像的平均误差：0.0740335像素
第2幅图像的平均误差：0.0711291像素
第3幅图像的平均误差：0.0677259像素
第4幅图像的平均误差：0.0756123像素
第5幅图像的平均误差：0.068374像素
第6幅图像的平均误差：0.0680024像素
第7幅图像的平均误差：0.078048像素
第8幅图像的平均误差：0.0707552像素
第9幅图像的平均误差：0.0721026像素
第10幅图像的平均误差：0.068259像素
第11幅图像的平均误差：0.0696528像素
第12幅图像的平均误差：0.073956像素
第13幅图像的平均误差：0.0627132像素
总体平均误差：0.0707972像素

相机内参数矩阵：
[584.9699182596841, 0, 317.886096206607;
 0, 584.8441250166829, 236.5938092745017;
 0, 0, 1]

畸变系数：
[0.07300499168597249, -0.5914868762240157, 0.002331505740773937, -0.002067723303087702, 1.405180640444344]


第1幅图像的旋转向量：
[-23.34788553773299;
 -10.48113600771713;
 234.8106744516007]
第1幅图像的旋转矩阵：
[-0.8175398836429533, 0.5543456330803888, -0.155979029801347;
 -0.5382440065522239, -0.8318598541928607, -0.1352870000881164;
 -0.2047484506990859, -0.02664774037203717, 0.9784518229679935]
第1幅图像的平移向量：
[2.179374130351107;
 -2.215730137168916;
 0.4076841260145407]

第2幅图像的旋转向量：
[1.618636652189526;
 2.961346248303022;
 180.0987537162505]
第2幅图像的旋转矩阵：
[-0.4891094608634751, 0.8722218849467831, -0.0009584955511192077;
 -0.8717818812158027, -0.4888272109917343, 0.0323157759906659;
 0.02771798834109502, 0.01664155082687111, 0.9994772493200632]
第2幅图像的平移向量：
[2.194022160783147;
 -2.132258345116696;
 0.3301880523667151]

第3幅图像的旋转向量：
[-11.5659486174419;
 14.96325386924654;
 169.4309553940647]
第3幅图像的旋转矩阵：
[0.6710744409919298, -0.7401470321743, 0.04291229906384297;
 0.7362117555718621, 0.6720991409770143, 0.07921487016814621;
 -0.08747197039718349, -0.02156653568692042, 0.9959335012606509]
第3幅图像的平移向量：
[2.170933993020714;
 -1.774136725896218;
 -0.1723435214975637]

第4幅图像的旋转向量：
[-22.7658664693689;
 0.04160953350991031;
 188.8954737775005]
第4幅图像的旋转矩阵：
[-0.1776990057486805, -0.9738263077721572, -0.1417229185656941;
 0.973763776363717, -0.1948053852135506, 0.1176221481425728;
 -0.1421519299826901, -0.1171033056008586, 0.9828935062454878]
第4幅图像的平移向量：
[2.330336164819741;
 -1.952241416258489;
 0.069689627226776]

第5幅图像的旋转向量：
[-22.56609721938441;
 -0.2346686126513841;
 188.8696195971397]
第5幅图像的旋转矩阵：
[-0.130069553926161, -0.9820999874198536, -0.1362406908796811;
 0.9824355099970955, -0.1461999946710281, 0.1159570189981531;
 -0.1337997751799165, -0.118765214891039, 0.9838660700998328]
第5幅图像的平移向量：
[2.331128539145526;
 -1.95283188671607;
 0.06598648309296916]

第6幅图像的旋转向量：
[-2.426519331545325;
 -15.85181072733584;
 206.1204992721033]
第6幅图像的旋转矩阵：
[0.8243828690699171, 0.5645204013417673, 0.0413473294540503;
 -0.5642042783504242, 0.8253912478303871, -0.02007038355571642;
 -0.04545786483248894, -0.006782659797344507, 0.9989432306447372]
第6幅图像的平移向量：
[1.825861307329961;
 -2.439075825818954;
 0.3271025544036918]

第7幅图像的旋转向量：
[2.455910049518167;
 4.099247669340943;
 186.5898912621445]
第7幅图像的旋转矩阵：
[-0.2700664288682958, 0.9628314731869089, -0.004436016124010528;
 -0.9620973190299805, -0.2696736477569106, 0.04055702677472244;
 0.03785330518791652, 0.01522097060664945, 0.9991673780404073]
第7幅图像的平移向量：
[1.897884517789723;
 -2.030108386581837;
 0.5180777544046158]

第8幅图像的旋转向量：
[-10.94485002048196;
 1.472175804696015;
 202.4710985154831]
第8幅图像的旋转矩阵：
[-0.1355519098284929, -0.9892871438705697, -0.05419065153934845;
 0.9883945427242857, -0.1388098877713997, 0.06170934264551514;
 -0.068570457594348, -0.04519692499830498, 0.9966219595794583]
第8幅图像的平移向量：
[1.976376240479593;
 -1.921495198545034;
 -0.06653859961215215]

第9幅图像的旋转向量：
[3.18786272948174;
 2.031293469398266;
 220.2392731466345]
第9幅图像的旋转矩阵：
[0.9358313806785035, -0.3524232693430244, 0.004179253873603865;
 0.3524404009657923, 0.9358233958027561, -0.004509504991633266;
 -0.002321789059647709, 0.005693074193447551, 0.9999810989222698]
第9幅图像的平移向量：
[1.978214821391283;
 -2.112365379729945;
 0.8500136629419275]

第10幅图像的旋转向量：
[-12.69365481693622;
 10.80701206872363;
 194.9806882820482]
第10幅图像的旋转矩阵：
[0.6127472301904398, -0.7900605379886249, 0.0185789721747221;
 0.7872744070544483, 0.6122969850200012, 0.0727420795171772;
 -0.06884649512510517, -0.02994575843990763, 0.9971777232070758]
第10幅图像的平移向量：
[2.150086905276769;
 -1.925801676446716;
 0.2265782680148744]

第11幅图像的旋转向量：
[-15.29369926772499;
 5.647973971004321;
 199.5527261598114]
第11幅图像的旋转矩阵：
[0.6661915423173134, 0.744320252187938, -0.04664966374759426;
 -0.7457672553274162, 0.6644996196327504, -0.04765979846099085;
 -0.00447546939343892, 0.06654034633825005, 0.9977736980312188]
第11幅图像的平移向量：
[2.199069935347549;
 -1.977325914841248;
 0.02585150774097101]

第12幅图像的旋转向量：
[-3.712621853262493;
 17.38545789691415;
 226.1508281981237]
第12幅图像的旋转矩阵：
[0.7938255691859865, -0.6066057516542197, 0.04324844235997136;
 0.6060884114531037, 0.7949816306302245, 0.02571078495033523;
 -0.04997802725996541, 0.005802501230357799, 0.9987334618258636]
第12幅图像的平移向量：
[-1.859452275229925;
 2.02346136459589;
 0.4824647749767155]

第13幅图像的旋转向量：
[3.660488129734126;
 2.215736291026488;
 200.9843954386094]
第13幅图像的旋转矩阵：
[0.9994884666184162, 0.03197948223332023, -0.0003432387739894241;
 -0.03197927684128898, 0.9994883591234444, 0.0005880726425314888;
 0.0003618694176259709, -0.0005767952959679645, 0.9999997681788287]
第13幅图像的平移向量：
[2.336327220300809;
 -1.928540995406739;
 0.09606260826836591]

