sad:0.587991%
sgm:0.633935%
