Rl:
[0.9999890896772338, -0.0003839065893308126, 0.004655442216156718;
 0.0003816795793955913, 0.9999998123219601, 0.0004792460153466774;
 -0.004655625328135664, -0.0004774638993909783, 0.999989048530547]
Rr:
[0.9999954704159443, 0.0007766167871356283, 0.002907922619378375;
 -0.0007752256737109359, 0.9999995845600599, -0.0004794839545042032;
 -0.002908293786599419, 0.000477227486369645, 0.9999956570311579]
Pl:
[594.4919695385694, 0, 315.5413513183594, 0;
 0, 594.4919695385694, 236.209415435791, 0;
 0, 0, 1, 0]
Pr:
[594.4919695385694, 0, 315.5413513183594, -41458.63897506287;
 0, 594.4919695385694, 236.209415435791, 0;
 0, 0, 1, 0]
Q:
[1, 0, 0, -315.5413513183594;
 0, 1, 0, -236.209415435791;
 0, 0, 0, 594.4919695385694;
 0, 0, 0.01433939907907138, -0]
